       N       E                     dE             d eps       ncg     rms          rms(c)
DAV:   1    -0.123528996461E+04   -0.12353E+04   -0.12311E-05  6368   0.657E-03
RMM:   2    -0.123528996489E+04   -0.28391E-06   -0.28345E-06  4929   0.314E-03
RMM:   3    -0.123528996490E+04   -0.10739E-07   -0.79287E-08  3599   0.238E-03
RMM:   4    -0.123528996490E+04   -0.11059E-08   -0.98864E-09  3060   0.236E-03
RMM:   5    -0.123528996490E+04    0.00000E+00    0.00000E+00  2900   0.235E-03
RMM:   6    -0.123528996490E+04    0.00000E+00    0.00000E+00  2603   0.235E-03
RMM:   7    -0.123528996490E+04    0.00000E+00    0.00000E+00  2499   0.235E-03
RMM:   8    -0.123528996490E+04   -0.29104E-10    0.00000E+00  2342   0.235E-03
   1 F= -.12352900E+04 E0= -.12352900E+04  d E =0.000000E+00  mag=    -0.0003
